geos_chem run at 20201114, 00:31:46
temp_res: 0030  nstep: 0015
step,  mem_st,  mem_end,  year_st,  year_end, doy_st,  doy_end,  ch4flnm, output_name, index_method
000, 0041, 0052, 2015, 2015, 001, 091,CH4_EMISSION.2015D001,ST000.EN0041-EN0052,0
001, 0041, 0052, 2015, 2015, 032, 121,CH4_EMISSION.2015D032,ST001.EN0041-EN0052,0
002, 0041, 0052, 2015, 2015, 060, 152,CH4_EMISSION.2015D060,ST002.EN0041-EN0052,0
003, 0041, 0052, 2015, 2015, 091, 182,CH4_EMISSION.2015D091,ST003.EN0041-EN0052,0
004, 0041, 0052, 2015, 2015, 121, 213,CH4_EMISSION.2015D121,ST004.EN0041-EN0052,0
005, 0041, 0052, 2015, 2015, 152, 244,CH4_EMISSION.2015D152,ST005.EN0041-EN0052,0
006, 0041, 0052, 2015, 2015, 182, 274,CH4_EMISSION.2015D182,ST006.EN0041-EN0052,0
007, 0041, 0052, 2015, 2015, 213, 305,CH4_EMISSION.2015D213,ST007.EN0041-EN0052,0
008, 0041, 0052, 2015, 2015, 244, 335,CH4_EMISSION.2015D244,ST008.EN0041-EN0052,0
009, 0041, 0052, 2015, 2016, 274, 001,CH4_EMISSION.2015D274,ST009.EN0041-EN0052,0
010, 0041, 0052, 2015, 2016, 305, 032,CH4_EMISSION.2015D305,ST010.EN0041-EN0052,0
011, 0041, 0052, 2015, 2016, 335, 061,CH4_EMISSION.2015D335,ST011.EN0041-EN0052,0
012, 0041, 0052, 2016, 2016, 001, 092,CH4_EMISSION.2016D001,ST000.EN0041-EN0052,0
013, 0041, 0052, 2016, 2016, 032, 122,CH4_EMISSION.2016D032,ST001.EN0041-EN0052,0
014, 0041, 0052, 2016, 2016, 061, 153,CH4_EMISSION.2016D061,ST002.EN0041-EN0052,0
015, 0041, 0052, 2016, 2016, 092, 183,CH4_EMISSION.2016D092,ST003.EN0041-EN0052,0
016, 0041, 0052, 2016, 2016, 122, 214,CH4_EMISSION.2016D122,ST004.EN0041-EN0052,0
017, 0041, 0052, 2016, 2016, 153, 245,CH4_EMISSION.2016D153,ST005.EN0041-EN0052,0
018, 0041, 0052, 2016, 2016, 183, 275,CH4_EMISSION.2016D183,ST006.EN0041-EN0052,0
019, 0041, 0052, 2016, 2016, 214, 306,CH4_EMISSION.2016D214,ST007.EN0041-EN0052,0
020, 0041, 0052, 2016, 2016, 245, 336,CH4_EMISSION.2016D245,ST008.EN0041-EN0052,0
021, 0041, 0052, 2016, 2017, 275, 001,CH4_EMISSION.2016D275,ST009.EN0041-EN0052,0
022, 0041, 0052, 2016, 2017, 306, 032,CH4_EMISSION.2016D306,ST010.EN0041-EN0052,0
023, 0041, 0052, 2016, 2017, 336, 060,CH4_EMISSION.2016D336,ST011.EN0041-EN0052,0